10026
10032
10044
10065
10104
10107
10116
10138
10145
10158
10180
10200
10207
10220
10252
10258
10259
10308
10318
10333
10382
10397
10421
10443
10501
10516
10530
10547
10606
10629
10645
10656
10693
10696
10777
10812
10838
10860
10866
10874
10886
10890
10892
10932
10933
11006
11018
11043
11144
11154
11174
11203
11208
11264
11267
11285
11293
11308
11361
11369
11370
11379
11397
11403
11404
11407
11442
11481
11499
11533
11547
11565
11581
11600
11618
11628
11636
11644
11664
11674
11691
11701
11731
11752
11762
11786
11790
11803
11809
11844
11845
11850
11884
11891
11955
11990
11995
11996
11999
12007
12008
12015
12018
12034
12035
12036
12039
12049
12052
12054
12057
12059
12060
12062
12064
12065
12066
12068
12070
12075
12076
12080
12084
12098
12103
12105
12109
12169
12175
12209
12211
12219
12266
12287
12291
12292
12293
12294
12296
12301
12303
12305
12307
12313
12315
12317
12318
12321
12325
12326
12329
12331
12333
12338
12341
12345
12349
12352
12355
12360
12363
12366
12368
12369
12370
12372
12373
12376
12377
12385
12389
12391
12399
12400
12411
12412
12431
12437
12439
12442
12443
12447
12448
12449
12453
12455
12461
12472
12473
12476
12477
12488
12490
12496
12497
12508
12510
12513
12514
12515
12516
12523
12528
12530
12531
12534
12535
12536
12537
12540
12557
12558
12564
12565
12566
12570
12574
12577
12579
12580
12585
12591
12592
12593
12621
12622
12623
12625
12628
12629
12631
12633
12637
12641
12654
12656
12658
12660
12662
12672
12676
12679
12681
12684
12687
12690
12693
12699
12717
12741
12745
12746
12747
12748
12753
12755
12756
12759
12781
12783
12786
12788
12789
12796
12797
12799
12828
12839
12840
12842
12852
12867
12870
12872
12874
12877
12880
12883
12885
12886
12887
12894
12895
12899
12903
12904
12905
12912
12913
12915
12919
12923
12924
12927
12949
12953
12954
12957
12974
12975
12978
12980
12981
12982
12994
12996
12998
13001
13019
13023
13025
13027
13029
13030
13031
13032
13033
13034
13035
13046
13076
13077
13085
13089
13092
13103
13104
13107
13108
13114
13116
13121
13124
13126
13129
13130
13131
13132
13138
13139
13142
13159
13161
13168
13176
13180
13181
13185
13188
13189
13196
13202
13204
13210
13228
13230
13235
13240
13242
13244
13249
13253
13254
13255
13260
13277
13278
13284
13293
13296
13300
13301
13303
13305
13308
13315
13317
13318
13322
13323
13324
13326
13328
13332
13337
13343
13344
13348
13349
13351
13353
13356
13357
13360
13364
13365
13369
13373
13375
13379
13380
13385
13386
13388
13393
13399
13401
13405
13407
13410
13412
13428
13429
13431
13436
13437
13439
13441
13446
13447
13452
13501
13503
13505
13508
13510
13511
13520
13527
13534
13537
13539
13543
13544
13545
13547
13548
13555
13556
13562
13563
13569
13570
13571
13577
13578
13579
13583
13584
13586
13599
13600
13601
13604
13606
13608
13610
13612
13613
13615
13618
13620
13621
13622
13625
13626
13628
13631
13633
13634
13641
13643
13647
13648
13650
13652
13657
13679
13681
13684
13685
13686
13687
13688
13691
13692
13698
13700
13701
13702
13704
13706
13714
13721
13724
13728
13729
13730
13732
13737
13777
13856
13901
13928
13936
14008
14277
14526
14541
14593
14702
14795
14816
15069
15070
15202
15318
15456
15457
15560
15579
15720
16126
16249
16432
16505
16548
16555
16600
16678
17005
17144
17205
17213
17214
17457
17459
17473
17478
17653
17657
17667
17726
17743
17750
17830
17929
17961
18033
18075
18091
18163
18403
18411
18542
18649
18729
18956
18964
18973
19166
19350
19393
19502
19561
19583
19721
19828
19880
20053
20117
20204
20395
20415
20482
20504
20512
20598
20618
20670
20750
20765
21020
21055
21152
21178
21186
21207
21259
21371
21573
21742
21776
21792
21928
21936
22103
22111
22293
22509
22517
22592
22752
22779
23026
23182
23229
23297
23393
23473
23536
23579
23660
23712
23799
23819
23835
23887
23931
24010
24053
24109
24205
24248
24272
24328
24440
24441
24459
24643
24766
24969
24985
25081
25129
25232
25304
25320
25419
25452
25487
25582
25590
25785
25953
26084
26201
26403
26607
26614
26649
26650
26710
26825
27334
27422
27511
27562
27618
27633
27684
27828
27887
27888
27909
27959
27975
27983
27991
28118
28222
28302
28345
28388
28484
28564
28804
29102
29103
29209
29612
29647
29867
29890
29946
30402
30593
30648
30680
30681
30737
30796
30940
32651
32678
32687
32707
32791
32803
32870
32942
32986
33099
33137
33209
33452
33823
34032
34367
34497
34673
34746
34817
34833
34948
35044
35107
35263
35554
35685
35991
36003
36346
36397
36468
36768
36898
37381
37402
37568
37584
37875
38033
38093
38156
38295
38659
38703
38762
39220
39256
39490
39538
39571
39642
39693
39917
40125
40272
40440
40539
41080
41187
41188
41217
41241
41292
41355
41452
42059
42200
42286
42439
42550
42585
42877
42906
42922
43123
43350
43449
43481
43553
44134
44206
44329
44601
44644
44768
44813
44943
45306
45356
45437
45560
45728
45751
45911
46340
46463
46578
46674
46690
46703
46886
46922
47002
47088
47379
47466
47511
47626
47706
47715
47723
47730
47896
47941
48144
48347
48486
48506
48523
48653
48725
48961
49015
49154
49373
49429
49488
49656
49680
49744
50017
50286
50550
50606
50702
50789
50876
50948
51086
51087
51131
51263
51369
51423
51625
51692
51829
51916
52038
52090
52230
52329
52337
52396
52425
52476
52679
52695
52708
52898
52936
52978
53065
53110
53197
53225
53604
53613
53727
53859
54114
54148
54199
54228
54253
54594
54704
54973
55001
55212
55511
55597
55976
55993
56223
56274
56565
56573
56653
56822
56936
57007
57074
57154
57293
57509
57568
57665
57808
57809
57817
57904
58246
58318
58334
58413
58421
58675
58683
58771
58819
58975
59010
59045
59089
59176
59185
59248
59300
59328
59344
59396
59408
59459
59467
59483
59504
59555
59600
59619
59628
60097
60098
60186
60206
60442
60468
60506
60580
60599
60628
60687
60871
60943
60986
61188
61241
61269
61313
61399
61487
61516
61567
61621
61735
61743
61778
61807
61946
61955
62068
62092
62148
62156
62308
62341
62359
62367
62376
62391
62498
62930
63079
63125
63132
63263
63335
63467
63706
63715
63765
63773
63781
64020
64186
64194
64282
64311
64390
64450
64629
64653
64785
64805
64929
64936
64961
64995
65008
65270
65285
65294
65306
65307
65365
65402
65541
65700
65752
65875
65947
66093
66157
66181
66245
66325
66376
66384
66616
66683
66739
66800
67029
67360
67467
67598
67774
67847
68196
68292
68419
68427
68830
68866
68929
69032
69331
69366
69586
69649
69761
69796
69980
69999
70033
70092
70121
70228
70519
70578
70703
70704
70797
70826
71079
71175
71176
71191
71298
71475
71563
71722
71810
71862
71985
72231
72232
72304
72338
72494
72726
72776
72813
72864
72980
72996
73139
73219
75033
75034
75039
75041
75047
75049
75060
75064
75065
75070
75075
75082
75152
75154
75157
75168
75175
75182
75183
75186
75233
75239
75240
75241
75260
75263
75268
75269
75274
75278
75285
75306
75313
75320
75326
75331
75336
75342
75346
75354
75367
75381
75392
75401
75405
75411
75416
75418
75454
75455
75460
75461
75465
75466
75470
75475
75510
75517
75527
75573
75578
75591
75603
75605
75607
75622
75623
75642
75649
75650
75652
75654
75672
75694
75799
75809
75811
75819
75825
75828
75831
75837
75840
75844
75846
75854
75860
75885
75905
75906
75912
75937
75938
75941
75976
75985
76076
76081
76082
76095
76118
76123
76127
76128
76135
76136
76185
76217
76221
76224
76226
76230
76261
76266
76274
76279
76282
76392
76478
76504
76532
76558
76573
76582
76591
76592
76605
76613
76614
76644
76655
76672
76684
76708
76709
76711
76712
76721
76732
76736
76744
76750
76752
76795
76798
76804
76837
76838
76839
76841
76847
76856
76868
76888
76892
76927
76932
76948
76961
76978
77011
77037
77057
77078
77090
77114
77117
77120
77124
77129
77131
77152
77157
77165
77175
77178
77182
77191
77202
77217
77236
77239
77274
77292
77300
77309
77316
77327
77338
77354
77357
77366
77369
77377
77379
77393
77415
77420
77437
77447
77453
77458
77460
77462
77469
77478
77496
77515
77516
77519
77520
77526
77528
77530
77545
77548
77570
77573
77584
77591
77595
77599
77605
77606
77610
77629
77637
77638
77643
77649
77659
77660
77661
77679
77693
77699
77702
77730
77735
77763
77776
77780
77785
77806
77818
77855
77857
77860
77878
77902
77917
77918
77920
77925
77928
78002
78015
78034
78038
78044
78045
78059
78068
78077
78081
78091
78107
78170
78186
78211
78213
78223
78405
78418
78451
78664
78688
78693
78756
78763
78829
78840
78841
78854
78875
78876
78877
78903
78908
78915
78927
78936
78943
78947
78950
78955
78963
78975
78981
78987
78990
78999
79006
79007
79013
79022
79026
79033
79036
79037
79052
79057
79072
79089
79094
79103
79108
79116
79133
79145
79166
79198
79210
79229
79235
79237
79238
79248
79249
79299
79323
79336
79338
79356
79360
79363
79382
79444
79447
79448
79452
79461
79464
79491
79499
79507
79516
79545
79547
79558
79561
79611
79618
79637
79644
79646
79663
79665
79668
79678
79686
79698
79702
79712
79747
79756
79758
79767
79770
79777
79782
79785
79791
79824
79839
79841
79851
79853
79857
79859
79862
79864
79866
79878
79879
79881
79895
79903
79906
79909
79918
80001
80008
80034
80054
80069
80070
80072
80080
80089
80100
80102
80113
80114
80128
80167
80169
80183
80191
80193
80200
80204
80210
80233
80276
80286
80306
80307
80316
80320
80329
80341
80343
80362
80368
80375
80381
80399
80401
80412
80415
80432
80485
80498
80520
80539
80563
80575
80635
80680
80681
80682
80683
80688
80711
80717
80719
80759
80774
80779
80784
80791
80795
80828
80857
80858
80863
80864
80866
80912
80924
80926
80928
80951
80971
81010
81013
81035
81038
81040
81043
81044
81045
81046
81049
81055
81061
81073
81084
81095
81103
81116
81127
81132
81133
81134
81165
81184
81220
81222
81241
81254
81282
81284
81294
81299
81331
81472
81481
81501
81527
81540
81562
81577
81584
81610
81621
81655
81659
81665
81666
81669
81675
81677
81678
81696
81734
81736
81740
81756
81774
81776
81784
81917
82107
82179
82196
82212
82213
82261
82266
82272
82276
82279
82292
82298
82303
82307
82311
82486
82508
82515
82518
82526
82530
82540
82547
82555
82567
82573
82575
82581
82587
82598
82599
82634
82637
82639
82642
82646
82649
82651
82654
82656
82678
82694
82702
82743
82775
82777
82800
82824
82830
82833
82859
82860
82924
83011
83112
83120
83124
83143
83148
83149
83188
83208
83209
83210
83211
83212
83213
83215
83217
83218
83219
83220
83221
83222
83223
83224
83225
83233
83244
83272
83366
83382
83390
83391
83411
83414
83421
83443
83445
83462
83469
83509
83520
83534
83565
83597
83601
83602
83604
83621
83633
83639
83642
83671
83683
83686
83728
83738
83756
83762
83774
83779
83799
83817
83822
83834
83835
83879
83883
83885
83896
83906
83909
83916
83950
83969
83976
83987
83989
83992
83996
84007
84010
84032
84041
84042
84062
84072
84083
84084
84129
84167
84172
84176
84181
84210
84234
84255
84262
84275
84319
84330
84348
84372
84373
84381
84385
84386
84387
84389
84392
84398
84403
84413
84416
84438
84511
84516
84519
84521
84553
84563
84566
84576
84588
84603
84604
84606
84607
84621
84636
84656
84723
84737
84761
84767
84769
84781
84788
84808
84827
84828
85002
85035
85040
85058
85059
85067
85072
85077
85081
85082
85168
85172
85176
85177
85198
85211
85234
85246
85254
85257
85259
85261
85265
85269
85285
85293
85299
85339
85346
85348
85372
85390
85394
85401
85414
85418
85421
85424
85425
85426
85427
85440
85442
85449
85459
85464
85472
85488
85502
85517
85539
85567
85572
85592
85593
85602
85604
85616
85621
85627
85631
85645
85653
85663
85686
85710
85724
85726
85731
85738
85741
85744
85753
85763
85765
85772
85789
85792
85796
85860
85863
85875
85886
85889
85905
85913
85914
85916
85918
85925
85926
85932
85935
85942
85945
85972
85992
86004
86026
86033
86047
86048
86080
86091
86092
86102
86111
86115
86117
86121
86122
86128
86136
86143
86144
86155
86158
86165
86189
86211
86218
86222
86223
86228
86242
86249
86287
86288
86290
86302
86313
86339
86341
86349
86356
86369
86372
86382
86384
86408
86432
86435
86444
86449
86451
86452
86453
86454
86455
86456
86457
86458
86489
86544
86547
86552
86556
86560
86563
86578
86580
86581
86593
86594
86715
86719
86745
86754
86755
86759
86776
86778
86783
86799
86802
86810
86814
86818
86820
86822
86827
86866
86868
86869
86870
86872
86876
86889
86896
86929
86942
86949
86964
86965
86977
86979
86996
87006
87014
87033
87034
87043
87055
87056
87067
87075
87077
87078
87084
87086
87114
87121
87128
87137
87162
87167
87179
87198
87204
87209
87212
87227
87236
87251
87267
87268
87279
87280
87285
87289
87293
87299
87302
87310
87318
87321
87337
87342
87343
87356
87361
87364
87394
87426
87430
87432
87439
87444
87445
87447
87487
87508
87532
87541
87583
87604
87614
87657
87658
87659
87662
87666
87717
87725
87755
87812
87816
87832
87842
87856
87952
88031
88159
88167
88173
88174
88177
88181
88182
88193
88195
88197
88203
88208
88214
88215
88216
88217
88218
88219
88220
88221
88222
88223
88224
88225
88228
88229
88233
88239
88240
88244
88258
88264
88266
88280
88281
88284
88287
88290
88291
88292
88294
88295
88296
88297
88298
88299
88301
88302
88310
88319
88332
88335
88343
88351
88352
88359
88360
88362
88371
88373
88391
88392
88396
88397
88398
88399
88401
88402
88403
88404
88405
88406
88407
88411
88417
88434
88436
88439
88442
88446
88462
88485
88487
88490
88497
88504
88507
88511
88526
88537
88564
88568
88593
88595
88597
88604
88607
88608
88612
88615
88620
88648
88660
88661
88664
88673
88683
88740
88742
88746
88807
88810
88818
88820
88837
88839
88841
88853
88854
88857
88860
88863
88865
88873
88882
88885
88888
88893
88894
88897
88901
88924
88927
88935
88944
88945
88949
88953
88957
88960
88961
88987
88988
89002
89003
89006
89009
89011
89016
89017
89031
89043
89044
89049
89050
89053
89056
89057
89058
89059
89060
89061
89062
89070
89071
89099
89102
89103
89110
89125
89129
89134
89138
89139
89141
89150
89154
89156
89162
89167
89169
89175
89179
89187
89188
89190
89191
89195
89198
89199
89211
89215
89216
89217
89221
89231
89232
89233
89234
89235
89236
89238
89240
89244
89252
89256
89257
89258
89262
89269
89277
89282
89284
89286
89289
89290
89297
89298
89301
89321
89323
89327
89330
89335
89336
89348
89349
89353
89369
89372
89382
89387
89393
89394
89395
89397
89398
89399
89403
89406
89413
89416
89425
89428
89429
89436
89437
89438
89443
89444
89447
89449
89452
89453
89455
89456
89459
89467
89468
89469
89470
89475
89482
89489
89490
89491
89492
89505
89506
89508
89510
89512
89516
89517
89525
89533
89534
89540
89543
89545
89546
89547
89548
89550
89553
89567
89570
89572
89574
89575
89598
89600
89603
89606
89611
89617
89618
89626
89630
89635
89637
89641
89648
89649
89653
89655
89685
89688
89690
89692
89695
89704
89707
89708
89726
89728
89730
89731
89733
89736
89744
89745
89746
89748
89753
89757
89764
89766
89773
89777
89778
89780
89781
89783
89784
89786
89788
89789
89790
89792
89800
89803
89807
89808
89809
89810
89814
89817
89823
89824
89826
89828
89841
89842
89848
89854
89855
89858
89866
89869
89875
89876
89879
89880
89881
89882
89889
89892
89893
89895
89897
89898
89900
89908
89915
89916
89921
89922
89927
89941
89942
89946
89949
89951
89952
89959
89964
89965
89968
89970
89971
89973
89976
89984
89988
89992
89993
89994
89995
89996
89997
89998
89999
90000
90001
90002
90003
90004
90005
90012
90029
90031
90037
90038
90041
90042
90047
90050
90056
90057
90063
90066
90067
90068
90071
90073
90081
90084
90088
90090
90092
90097
90098
90101
90102
90103
90105
90108
90114
90118
90120
90121
90126
90160
90162
90163
90164
90177
90178
90179
90188
90192
90194
90196
90199
90201
90202
90204
90205
90213
90214
90215
90219
90223
90227
90244
90248
90249
90253
90256
90257
90258
90259
90261
90264
90265
90266
90267
90269
90271
90276
90285
90291
90302
90303
90305
90306
90307
90312
90313
90314
90319
90340
90343
90346
90347
90348
90349
90350
90353
90371
90373
90376
90377
90383
90384
90386
90389
90390
90394
90396
90400
90401
90409
90411
90423
90427
90433
90434
90436
90443
90444
90448
90454
90455
90458
90464
90488
90490
90492
90495
90502
90505
90506
90510
90511
90512
90516
90517
90520
90523
90525
90526
90533
90534
90536
90537
90538
90539
90547
90548
90550
90552
90558
90561
90563
90564
90568
90569
90590
90591
90600
90601
90604
90606
90607
90611
90612
90618
90619
90620
90622
90624
90630
90634
90646
90648
90664
90672
90675
90679
90680
90687
90689
90695
90696
90701
90706
90708
90715
90716
90718
90720
90724
90729
90731
90734
90744
90751
90753
90755
90756
90758
90765
90767
90768
90770
90771
90773
90775
90776
90783
90790
90791
90794
90796
90803
90808
90825
90827
90829
90834
90835
90837
90839
90853
90856
90857
90865
90866
90870
90871
90875
90878
90880
90882
90885
90886
90890
90892
90899
90902
90907
90913
90919
90925
90926
90927
90930
90934
90936
90943
90950
90951
90955
90961
90963
90965
90968
90971
90976
90978
90979
90988
90989
90993
90998
90999
91001
91004
91005
91006
91008
91014
91021
91037
91040
91041
91044
91047
91049
91052
91053
91055
91061
91065
91068
91069
91076
91078
91080
91081
91086
91088
91090
91095
91103
91106
91109
91111
91114
91119
91122
91123
91124
91125
91128
91129
91130
91131
91132
91133
91135
91136
91137
91152
91161
91163
91181
91182
91186
91194
91201
91202
91204
91208
91209
91215
91220
91221
91222
91224
91225
91226
91227
91228
91229
91232
91233
91234
91262
91269
91271
91277
91279
91287
91291
91292
91293
91294
91297
91298
91301
91305
91306
91307
91308
91309
91310
91311
91312
91313
91315
91316
91317
91318
91319
91320
91321
91324
91325
91326
91327
91328
91330
91331
91332
91333
91334
91335
91336
91340
91342
91343
91348
91356
91359
91363
91365
91366
91374
91379
91381
91385
91386
91387
91390
91391
91392
91402
91403
91413
91416
91418
91419
91423
91424
91428
91447
91448
91449
91450
91451
91456
91457
91461
91463
91468
91471
91483
91488
91489
91494
91498
91500
91511
91516
91519
91530
91531
91533
91534
91538
91541
91543
91545
91547
91556
91567
91570
91571
91575
91577
91579
91582
91584
91594
91597
91602
91604
91607
91611
91612
91616
91626
91627
91629
91630
91642
91651
91655
91657
91658
91659
91665
91668
91670
91673
91678
91683
91684
91688
91689
91699
91700
91701
91702
91703
91704
91705
91706
91707
91709
91712
91713
91714
91715
91720
91721
91722
91723
91725
91727
91729
91733
91734
91739
91742
91747
91754
91757
91758
91760
91774
91776
91778
91779
91782
91786
91788
91789
91792
91794
91795
91798
91801
91808
91809
91814
91815
91818
91822
91827
91829
91832
91834
91836
91849
91850
91855
91856
91858
91859
91872
91873
91874
91875
91876
91877
91878
91879
91886
91895
91901
91902
91907
91914
91915
91926
91928
91933
91937
91938
91944
91945
91947
91948
91949
91950
91952
91959
91964
91966
91968
91975
91976
91977
91978
91984
91985
91989
91991
91992
91993
91995
91996
91997
91998
91999
92000
92001
92002
92003
92004
92005
92007
92008
92011
92016
92020
92023
92024
92025
92026
92027
92029
92032
92035
92040
92041
92043
92050
92052
92054
92056
92058
92060
92061
92064
92089
92090
92095
92096
92097
92102
92108
92110
92111
92120
92121
92123
92125
92126
92131
92136
92140
92143
92150
92152
92154
92155
92157
92170
92172
92173
92177
92178
92181
92187
92189
92203
92205
92215
92220
92221
92224
92232
92240
92243
92245
92246
92248
92252
92257
92261
92271
92273
92274
92279
92280
92291
92293
92294
92301
92309
92318
92322
92326
92327
92332
92337
92343
92347
92349
92350
92351
92353
92357
92360
92375
92377
92379
92384
92385
92390
92395
92396
92397
92398
92400
92402
92405
92408
92409
92410
92411
92412
92421
92423
92426
92427
92428
92429
92432
92439
92443
92449
92453
92456
92466
92467
92468
92469
92470
92471
92475
92477
92488
92490
92491
92492
92493
92496
92498
92499
92500
92509
92511
92512
92513
92514
92517
92518
92521
92528
92531
92536
92537
92539
92540
92542
92545
92550
92560
92570
92571
92572
92577
92580
92581
92582
92585
92586
92588
92589
92594
92596
92597
92598
92599
92600
92601
92602
92603
92607
92608
92609
92611
92614
92619
92621
92635
92643
92648
92655
92662
92664
92665
92666
92667
92670
92675
92679
92680
92681
92684
92690
92694
92695
92700
92712
92716
92720
92723
92725
92726
92729
92733
92747
92753
92758
92763
92766
92769
92773
92776
92777
92780
92782
92793
92795
92796
92802
92808
92810
92812
92813
92814
92816
92817
92818
92819
92820
92822
92824
92834
92836
92837
92842
92843
92844
92846
92847
92852
92854
92855
92856
92857
92858
92862
92863
92864
92865
92871
92876
92877
92881
92883
92885
92886
92889
92891
92892
92893
92898
92902
92904
92905
92906
92914
92916
92917
92919
92922
92927
92929
92939
92942
92948
92949
92951
92952
92953
92955
92959
92960
92961
92964
92967
92971
92972
92974
92976
92977
92980
92981
92985
92987
92994
92995
92996
92999
93002
93013
93014
93016
93021
93022
93027
93032
93035
93044
93046
93053
93054
93063
93065
93069
93070
93073
93078
93080
93083
93089
93094
93095
93096
93098
93099
93101
93103
93104
93108
93109
93110
93112
93114
93115
93116
93117
93122
93127
93128
93132
93137
93142
93143
93144
93145
93146
93147
93148
93152
93157
93158
93159
93166
93168
93173
93178
93179
93180
93181
93182
93183
93184
93191
93203
93204
93209
93210
93217
93219
93221
93225
93231
93237
93239
93246
93248
93251
93254
93255
93256
93257
93258
93260
93261
93262
93264
93265
93266
93267
93268
93269
93270
93272
93273
93282
93284
93285
93289
93292
93296
93299
93300
93301
93303
93304
93306
93310
93312
93314
93317
93318
93319
93325
93330
93336
93338
93340
93341
93343
93345
93352
93353
93355
93356
93360
93362
93364
93366
93367
93369
93370
93372
93373
93374
93377
93379
93380
93382
93384
93385
93391
93397
93398
93415
93416
93419
93420
93421
93423
93424
93425
93426
93427
93429
93433
93436
